:date 04192016-16:14:17.000
:fixed_data
0 0 0 0 sd_sd1
1 1 0 0 sd_sd2
2 2 0 0 sd_sd3
3 3 0 0 sd_sd4
4 4 0 0 sd_sd5
5 5 0 0 sd_sd6
6 6 0 0 sd_sd7
7 7 0 0 sd_sd8
:
:vdbench503_vdbench_data_for_swat303
:date 04192016-16:14:18.000 04192016-16:44:17.000
1 0 0 35836 67729093 0 0 4587008 151818 0 151818 0 0 0
0 0 0 35843 68036769 0 0 4587904 193595 0 193595 0 0 0
3 0 75196 32384 121028711 0 1203136 518144 186858 186858 176974 0 0 0
2 0 75394 32466 119709840 0 1206304 519456 196055 122295 196055 0 0 0
5 0 75003 32329 122302474 0 1200048 517264 417858 133591 417858 0 0 0
4 0 75370 32287 122626622 0 1205920 516592 192014 125478 192014 0 0 0
7 0 75560 32365 122213967 0 1208960 517840 191543 133643 191543 0 0 0
6 0 75449 32571 125245669 0 1207184 521136 496301 138901 496301 0 0 0
