:date 04192016-16:44:32.000
:fixed_data
0 0 0 0 sd_sd1
1 1 0 0 sd_sd2
2 2 0 0 sd_sd3
3 3 0 0 sd_sd4
4 4 0 0 sd_sd5
5 5 0 0 sd_sd6
6 6 0 0 sd_sd7
7 7 0 0 sd_sd8
:
:vdbench503_vdbench_data_for_swat303
:date 04192016-16:44:33.000 04192016-17:14:32.000
1 0 0 179605 964400555 0 0 22989440 180470 0 180470 0 0 0
0 0 0 179197 980217697 0 0 22937216 160643 0 160643 0 0 0
3 0 377754 162038 3463781633 0 6044064 2592608 1619731 867572 1619731 0 0 0
2 0 377215 162450 5808078071 0 6035440 2599200 1495591 1278427 1495591 0 0 0
5 0 377640 162535 1613724894 0 6042240 2600560 1039616 761385 1039616 0 0 0
4 0 377538 162014 1549026962 0 6040608 2592224 1028475 447997 1028475 0 0 0
7 0 377933 161238 1357679303 0 6046928 2579808 294413 160776 294413 0 0 0
6 0 378548 161082 1339721643 0 6056768 2577312 223350 107839 223350 0 0 0
