:date 04192016-17:14:48.000
:fixed_data
0 0 0 0 sd_sd1
1 1 0 0 sd_sd2
2 2 0 0 sd_sd3
3 3 0 0 sd_sd4
4 4 0 0 sd_sd5
5 5 0 0 sd_sd6
6 6 0 0 sd_sd7
7 7 0 0 sd_sd8
:
:vdbench503_vdbench_data_for_swat303
:date 04192016-17:14:49.000 04192016-17:44:48.000
1 0 0 364112 46818770369 0 0 46606336 1627779 0 1627779 0 0 0
0 0 0 384803 46005179819 0 0 49254784 1517304 0 1517304 0 0 0
3 0 764103 328602 32536188562 0 12225648 5257632 1763935 1763935 1669730 0 0 0
2 0 810104 347439 35794041385 0 12961664 5559024 1581608 1379736 1581608 0 0 0
5 0 765449 327654 28407155013 0 12247184 5242464 1836252 1392525 1836252 0 0 0
4 0 810807 347511 27654006609 0 12972912 5560176 1691821 1381556 1691821 0 0 0
7 0 767247 327878 28278136002 0 12275952 5246048 1675016 1383155 1675016 0 0 0
6 0 808817 346621 27354510075 0 12941072 5545936 1898198 1371364 1898198 0 0 0
