:date 04192016-16:44:32.000
:fixed_data
0 0 0 0 sd_sd1
1 1 0 0 sd_sd2
2 2 0 0 sd_sd3
3 3 0 0 sd_sd4
4 4 0 0 sd_sd5
5 5 0 0 sd_sd6
6 6 0 0 sd_sd7
7 7 0 0 sd_sd8
:
:vdbench503_vdbench_data_for_swat303
:date 04192016-16:44:33.000 04192016-17:14:32.000
1 0 0 179783 824185489 0 0 23012224 181866 0 181866 0 0 0
0 0 0 179385 804319502 0 0 22961280 166814 0 166814 0 0 0
3 0 376865 161699 2186599699 0 6029840 2587184 1303944 633214 1303944 0 0 0
2 0 377917 162040 1323736047 0 6046672 2592640 622226 321747 622226 0 0 0
5 0 378061 161552 1243837871 0 6048976 2584832 1014980 456496 1014980 0 0 0
4 0 377772 162001 1157872056 0 6044352 2592016 180759 161898 180759 0 0 0
7 0 377956 161659 1166096768 0 6047296 2586544 282643 93981 282643 0 0 0
6 0 377529 162839 1193837111 0 6040464 2605424 139327 111403 139327 0 0 0
