:date 04192016-16:44:32.000
:fixed_data
0 0 0 0 sd_sd1
1 1 0 0 sd_sd2
2 2 0 0 sd_sd3
3 3 0 0 sd_sd4
4 4 0 0 sd_sd5
5 5 0 0 sd_sd6
6 6 0 0 sd_sd7
7 7 0 0 sd_sd8
:
:vdbench503_vdbench_data_for_swat303
:date 04192016-16:44:33.000 04192016-17:14:32.000
1 0 0 179639 1067777360 0 0 22993792 170129 0 170129 0 0 0
0 0 0 179000 1182462918 0 0 22912000 215173 0 215173 0 0 0
3 0 376189 161944 6487464859 0 6019024 2591104 1429616 975480 1429616 0 0 0
2 0 379043 162097 5020891786 0 6064688 2593552 1429906 1300161 1429906 0 0 0
5 0 379258 161652 1516994903 0 6068128 2586432 713426 319484 713426 0 0 0
4 0 378223 161269 1574927104 0 6051568 2580304 436380 224137 436380 0 0 0
7 0 377607 162169 1538726606 0 6041712 2594704 224667 135787 224667 0 0 0
6 0 377024 162547 1509262722 0 6032384 2600752 221513 152532 221513 0 0 0
