:date 04192016-16:14:16.000
:fixed_data
0 0 0 0 sd_sd1
1 1 0 0 sd_sd2
2 2 0 0 sd_sd3
3 3 0 0 sd_sd4
4 4 0 0 sd_sd5
5 5 0 0 sd_sd6
6 6 0 0 sd_sd7
7 7 0 0 sd_sd8
:
:vdbench503_vdbench_data_for_swat303
:date 04192016-16:14:17.000 04192016-16:44:16.000
1 0 0 36044 66202573 0 0 4613632 138464 0 138464 0 0 0
0 0 0 35899 65052688 0 0 4595072 143640 0 143640 0 0 0
3 0 75360 32726 132576193 0 1205760 523616 156003 110264 156003 0 0 0
2 0 75620 32577 125554777 0 1209920 521232 147561 131232 147561 0 0 0
5 0 75773 32386 121899609 0 1212368 518176 114281 66290 114281 0 0 0
4 0 75602 32380 122229369 0 1209632 518080 131121 124247 131121 0 0 0
7 0 75777 32389 123489497 0 1212432 518224 333859 123887 333859 0 0 0
6 0 75219 32395 121453496 0 1203504 518320 147768 147768 123830 0 0 0
