:date 04192016-16:44:32.000
:fixed_data
0 0 0 0 sd_sd1
1 1 0 0 sd_sd2
2 2 0 0 sd_sd3
3 3 0 0 sd_sd4
4 4 0 0 sd_sd5
5 5 0 0 sd_sd6
6 6 0 0 sd_sd7
7 7 0 0 sd_sd8
:
:vdbench503_vdbench_data_for_swat303
:date 04192016-16:44:33.000 04192016-17:14:32.000
1 0 0 180157 840828926 0 0 23060096 186764 0 186764 0 0 0
0 0 0 179542 854799121 0 0 22981376 215560 0 215560 0 0 0
3 0 376837 162352 1212507987 0 6029392 2597632 709545 298893 709545 0 0 0
2 0 378834 162075 2204434390 0 6061344 2593200 1509248 1509248 1334194 0 0 0
5 0 376287 161818 1585379635 0 6020592 2589088 1098595 455560 1098595 0 0 0
4 0 377713 162033 1313162585 0 6043408 2592528 458288 271685 458288 0 0 0
7 0 377907 161549 1357141172 0 6046512 2584784 896421 381867 896421 0 0 0
6 0 377306 161927 1348615467 0 6036896 2590832 595218 241510 595218 0 0 0
