:date 04192016-16:14:17.000
:fixed_data
0 0 0 0 sd_sd1
1 1 0 0 sd_sd2
2 2 0 0 sd_sd3
3 3 0 0 sd_sd4
4 4 0 0 sd_sd5
5 5 0 0 sd_sd6
6 6 0 0 sd_sd7
7 7 0 0 sd_sd8
:
:vdbench503_vdbench_data_for_swat303
:date 04192016-16:14:18.000 04192016-16:44:17.000
1 0 0 36228 72259700 0 0 4637184 149753 0 149753 0 0 0
0 0 0 35891 69298257 0 0 4594048 128544 0 128544 0 0 0
3 0 76156 32405 118763076 0 1218496 518480 219508 79199 219508 0 0 0
2 0 74970 32251 122136341 0 1199520 516016 153117 144173 153117 0 0 0
5 0 75558 32251 118398824 0 1208928 516016 121502 81639 121502 0 0 0
4 0 75691 32314 121212074 0 1211056 517024 132533 83836 132533 0 0 0
7 0 75656 32454 119280963 0 1210496 519264 135478 59623 135478 0 0 0
6 0 75816 32296 123853326 0 1213056 516736 207979 74565 207979 0 0 0
