:date 04192016-16:14:17.000
:fixed_data
0 0 0 0 sd_sd1
1 1 0 0 sd_sd2
2 2 0 0 sd_sd3
3 3 0 0 sd_sd4
4 4 0 0 sd_sd5
5 5 0 0 sd_sd6
6 6 0 0 sd_sd7
7 7 0 0 sd_sd8
:
:vdbench503_vdbench_data_for_swat303
:date 04192016-16:14:18.000 04192016-16:44:17.000
1 0 0 35948 66841309 0 0 4601344 196159 0 196159 0 0 0
0 0 0 35723 68151239 0 0 4572544 194059 0 194059 0 0 0
3 0 75425 32525 121898641 0 1206800 520400 190495 132106 190495 0 0 0
2 0 75756 32408 124505271 0 1212096 518528 207753 141321 207753 0 0 0
5 0 75741 32306 123394612 0 1211856 516896 254254 198535 254254 0 0 0
4 0 75381 32450 121975765 0 1206096 519200 169838 127075 169838 0 0 0
7 0 75749 32312 121951875 0 1211984 516992 194914 194914 171563 0 0 0
6 0 75055 32092 121845682 0 1200880 513472 196008 195486 196008 0 0 0
